1385411027398082 0.532609
1385411027399211 0.399522
1385411027400319 0.394704
1385411027401444 0.347057
1385411027402551 0.401727
1385411027403681 0.364239
1385411027404787 0.387195
1385411027405917 0.389747
1385411027407025 0.365401
1385411027408129 0.440354
1385411027409249 0.454350
1385411027410358 0.413702
1385411027411490 0.384305
1385411027412597 0.365277
1385411027413727 0.387362
1385411027414833 0.361232
1385411027415963 0.375404
1385411027417072 0.380143
1385411027418202 0.384782
1385411027419309 0.368298
1385411027420430 0.402146
1385411027421529 0.460193
1385411027422619 0.455922
1385411027423710 0.458037
1385411027424842 0.358362
1385411027425950 0.382673
1385411027427081 0.387235
1385411027428180 0.356808
1385411027429278 0.395955
1385411027430396 0.343162
1385411027431495 0.350158
1385411027432617 0.379949
1385411027433727 0.453733
1385411027434820 0.455511
1385411027435944 0.397980
1385411027437054 0.400942
1385411027438184 0.371683
1385411027439291 0.365973
1385411027440397 0.401126
1385411027441527 0.354665
1385411027442633 0.387178
1385411027443764 0.354768
1385411027444870 0.401426
1385411027445986 0.391508
1385411027447079 0.453197
1385411027448198 0.454795
1385411027449289 0.455698
1385411027450422 0.399101
1385411027451531 0.382309
1385411027452662 0.385889
1385411027453769 0.366966
1385411027454899 0.375453
1385411027456005 0.365918
1385411027457137 0.394401
1385411027458244 0.366202
1385411027459340 0.442115
1385411027460458 0.455713
1385411027461567 0.426848
1385411027462674 0.385535
1385411027463805 0.367816
1385411027464911 0.369608
1385411027466041 0.377408
1385411027467150 0.364460
1385411027468281 0.361264
1385411027469387 0.367360
1385411027470517 0.388240
1385411027471623 0.371598
1385411027472739 0.453542
1385411027473832 0.457377
1385411027474920 0.456682
1385411027476042 0.418098
1385411027477165 0.399669
1385411027478271 0.392124
1385411027479405 0.354454
1385411027480511 0.401399
1385411027481642 0.349101
1385411027482748 0.401521
1385411027483870 0.351817
1385411027484960 0.414696
1385411027486053 0.458601
1385411027487156 0.441881
1385411027488244 0.456229
1385411027489379 0.358849
1385411027490487 0.380864
1385411027491617 0.376056
1385411027492724 0.368899
1385411027493854 0.376843
1385411027494961 0.367774
1385411027496090 0.372856
1385411027497199 0.378764
1385411027498330 0.372180
1385411027499434 0.447957
1385411027500588 0.435289
1385411027501697 0.383612
1385411027502828 0.366550
1385411027503935 0.364572
1385411027505065 0.387912
1385411027506179 0.369050
1385411027507309 0.383434
1385411027508415 0.369772
1385411027509562 0.380349
1385411027510671 0.458316
1385411027511764 0.457372
1385411027512883 0.454814
1385411027514016 0.352708
1385411027515123 0.387235
1385411027516283 0.378405
1385411027517390 0.396259
1385411027518510 0.353278
1385411027519616 0.393655
1385411027520746 0.370781
1385411027521853 0.365632
1385411027522983 0.367219
1385411027524071 0.446056
1385411027525158 0.456753
1385411027526299 0.398724
1385411027527407 0.385442
1385411027528537 0.388632
1385411027529643 0.365953
1385411027530772 0.386500
1385411027531878 0.367829
1385411027533007 0.402979
1385411027534115 0.351717
1385411027535220 0.437971
1385411027536313 0.452925
1385411027537404 0.456131
1385411027538569 0.436695
1385411027539678 0.388182
1385411027540808 0.381971
1385411027541915 0.358505
1385411027543045 0.386331
1385411027544152 0.354693
1385411027545257 0.402249
1385411027546381 0.346165
1385411027547487 0.391770
1385411027548619 0.369869
1385411027549736 0.450497
1385411027550825 0.456405
1385411027551933 0.426870
1385411027553047 0.394977
1385411027554153 0.395062
1385411027555284 0.354148
1385411027556393 0.408463
1385411027557533 0.384946
1385411027558639 0.401210
1385411027559769 0.349594
1385411027560859 0.403309
1385411027561959 0.459424
1385411027563078 0.455081
1385411027564171 0.457664
1385411027565285 0.400584
1385411027566394 0.393864
1385411027567527 0.365343
1385411027568633 0.399130
1385411027569763 0.368934
1385411027570869 0.393899
1385411027572001 0.371646
1385411027573107 0.365875
1385411027574213 0.395714
1385411027575332 0.454268
1385411027576427 0.454859
1385411027577538 0.427380
1385411027578645 0.428048
1385411027579751 0.464084
1385411027580856 0.471323
1385411027581961 0.470136
1385411027583066 0.475558
1385411027584170 0.473297
1385411027585275 0.474110
1385411027586387 0.458655
1385411027591268 0.227620
1385411027596222 0.213251
1385411027601139 0.240506
1385411027606064 0.208484
1385411027610979 0.208132
1385411027615865 0.209192
1385411027620807 0.232150
1385411027625693 0.208009
1385411027630589 0.190722
1385411027635462 0.185759
1385411027640026 0.206395
1385411027644915 0.189788
1385411027649817 0.187855
1385411027654703 0.190374
1385411027659632 0.215443
1385411027664682 0.166074
1385411027669583 0.189377
1385411027674468 0.191275
1385411027679408 0.216509
1385411027684293 0.192049
1385411027689191 0.187846
1385411027694077 0.189082
1385411027699007 0.217660
1385411027703893 0.189982
1385411027708795 0.187611
1385411027713741 0.180212
1385411027718708 0.215164
1385411027723594 0.189140
1385411027728497 0.188257
1385411027733380 0.189611
1385411027738309 0.215945
1385411027743196 0.191792
1385411027748092 0.186948
1385411027752979 0.188662
1385411027757909 0.215293
1385411027762855 0.178094
1385411027767779 0.186678
1385411027772666 0.189793
1385411027777607 0.214549
1385411027782493 0.188815
1385411027787395 0.189347
1385411027792279 0.189031
1385411027797210 0.215653
1385411027802096 0.189405
1385411027806998 0.185997
1385411027811885 0.188656
1385411027816368 0.202221
1385411027821265 0.189235
1385411027826221 0.206845
1385411027831092 0.188778
1385411027835969 0.179255
1385411027837127 0.232775
1385411027842014 0.216584
1385411027846914 0.204545
1385411027851807 0.211365
1385411027856735 0.231037
1385411027861668 0.201231
1385411027866580 0.198249
1385411027871467 0.207051
1385411027876408 0.229652
1385411027881296 0.186544
1385411027886194 0.189062
1385411027891082 0.187612
1385411027895969 0.187699
1385411027900908 0.217340
1385411027905794 0.189421
1385411027910695 0.187386
1385411027915581 0.189831
1385411027920511 0.215375
1385411027925396 0.188099
1385411027930297 0.188250
1385411027935184 0.188572
1385411027940113 0.215828
1385411027945000 0.187317
1385411027949899 0.189334
1385411027954788 0.187603
1385411027959715 0.216316
1385411027964589 0.183087
1385411027969565 0.186920
1385411027974468 0.192184
1385411027979409 0.215653
1385411027984296 0.188154
1385411027989197 0.185691
1385411027994083 0.189326
1385411027999014 0.215574
1385411028003899 0.187917
1385411028008803 0.185939
1385411028013686 0.187810
1385411028018617 0.213677
1385411028023502 0.188948
1385411028028404 0.186296
1385411028033276 0.181611
1385411028038237 0.203383
1385411028043168 0.187347
1385411028048075 0.185826
1385411028052968 0.189187
1385411028057909 0.215448
1385411028062796 0.188436
1385411028067697 0.186334
1385411028072582 0.188486
1385411028077514 0.213610
1385411028082399 0.188067
1385411028087302 0.185770
1385411028092185 0.188531
1385411028097115 0.215550
1385411028102001 0.188938
1385411028106903 0.185257
1385411028111791 0.186917
1385411028116719 0.215187
1385411028121605 0.188544
1385411028126506 0.187503
1385411028131392 0.188480
1385411028136322 0.214964
1385411028141208 0.188630
1385411028146098 0.187649
1385411028150987 0.238610
1385411028155874 0.187246
1385411028160810 0.216644
1385411028165705 0.195246
1385411028170604 0.188441
1385411028175491 0.188285
1385411028180421 0.214612
1385411028185304 0.190150
1385411028190207 0.187061
1385411028195094 0.187918
1385411028200023 0.215349
1385411028204909 0.187747
1385411028209812 0.185179
1385411028214696 0.187672
1385411028219627 0.214707
1385411028224513 0.187672
1385411028229415 0.187121
1385411028234287 0.180412
1385411028239241 0.203262
1385411028244170 0.186773
1385411028249082 0.186730
1385411028253968 0.187930
1385411028258909 0.215464
1385411028263797 0.189632
1385411028268699 0.185566
1385411028273571 0.181774
1385411028278530 0.202316
1385411028283418 0.188373
1385411028288314 0.186754
1385411028293201 0.189145
1385411028298123 0.216051
1385411028303012 0.187182
1385411028307913 0.187574
1385411028312798 0.188569
1385411028317727 0.215305
1385411028322614 0.190255
1385411028327518 0.185431
1385411028332402 0.188484
1385411028337331 0.216474
1385411028342204 0.182512
1385411028347125 0.173245
1385411028352010 0.188148
1385411028356940 0.215249
1385411028361869 0.187708
1385411028366783 0.188052
1385411028371669 0.188770
1385411028376611 0.214698
1385411028381499 0.189315
1385411028386400 0.187100
1385411028391286 0.189102
1385411028396186 0.186863
1385411028401101 0.219130
1385411028405988 0.188193
1385411028410891 0.186162
1385411028415776 0.188836
1385411028420711 0.215679
1385411028425595 0.188567
1385411028430499 0.187477
1385411028435371 0.181439
1385411028440030 0.203603
1385411028444920 0.185797
1385411028449821 0.186447
1385411028454706 0.188601
1385411028459635 0.215485
1385411028464690 0.167768
1385411028469589 0.186405
1385411028474483 0.195007
1385411028479412 0.216045
1385411028484297 0.187164
1385411028489198 0.187235
1385411028494085 0.190446
1385411028499014 0.214897
1385411028503901 0.188457
1385411028508802 0.187863
1385411028513687 0.188504
1385411028518617 0.215747
1385411028523503 0.189811
1385411028528405 0.186109
1385411028533291 0.187252
1385411028538220 0.216242
1385411028543106 0.187454
1385411028548001 0.187008
1385411028552889 0.189226
1385411028557817 0.214759
1385411028562705 0.187329
1385411028567606 0.188756
1385411028572478 0.181753
1385411028577589 0.233420
1385411028582579 0.159350
1385411028587483 0.187089
1385411028592371 0.188758
1385411028597313 0.215630
1385411028602200 0.188281
1385411028607098 0.186614
1385411028611986 0.189042
1385411028616915 0.214700
1385411028621801 0.188919
1385411028626703 0.187242
1385411028631576 0.182081
1385411028636535 0.203060
1385411028641421 0.189017
1385411028646323 0.186001
1385411028651210 0.187542
1385411028656099 0.187537
1385411028660987 0.212448
1385411028665971 0.170902
1385411028670883 0.206539
1385411028675770 0.206504
1385411028680713 0.230838
1385411028685600 0.205859
1385411028690500 0.203163
1385411028695386 0.206176
1385411028700317 0.230817
1385411028705269 0.180784
1385411028710186 0.186623
1385411028715071 0.189781
1385411028720091 0.191171
1385411028724980 0.188738
1385411028730001 0.169596
1385411028734888 0.189177
1385411028739818 0.215302
1385411028744705 0.189047
1385411028749607 0.186031
1385411028754493 0.188825
1385411028759429 0.220740
1385411028764312 0.188931
1385411028769215 0.187055
1385411028774101 0.188111
1385411028779030 0.214954
1385411028783918 0.186784
1385411028788818 0.185744
1385411028793704 0.189663
1385411028798633 0.215329
1385411028803521 0.188152
1385411028808422 0.185907
1385411028813308 0.188273
1385411028818237 0.213703
1385411028823122 0.188058
1385411028828017 0.189305
1385411028832893 0.181444
1385411028837848 0.204674
1385411028842773 0.187312
1385411028847684 0.187677
1385411028852573 0.188727
1385411028857513 0.214805
1385411028862523 0.165915
1385411028867425 0.186005
1385411028872312 0.189402
1385411028877241 0.215098
1385411028882174 0.187754
1385411028887088 0.185646
1385411028891973 0.188757
1385411028896916 0.213645
1385411028901802 0.189375
1385411028906703 0.186403
1385411028911589 0.188048
1385411028916517 0.215210
1385411028921404 0.189776
1385411028926305 0.187218
1385411028931192 0.188126
1385411028936082 0.188837
1385411028940974 0.214880
1385411028945874 0.187179
1385411028950788 0.188843
1385411028955673 0.188233
1385411028960616 0.215435
1385411028965490 0.183379
1385411028970233 0.186358
1385411028975119 0.192423
1385411028980049 0.215370
1385411028984973 0.189273
1385411028989888 0.187052
1385411028994773 0.189372
1385411028999714 0.214057
1385411029004601 0.188764
1385411029009503 0.187730
1385411029014389 0.188156
1385411029019318 0.215744
1385411029024204 0.186960
1385411029029105 0.186574
1385411029033979 0.181319
1385411029038938 0.203102
1385411029043824 0.187937
1385411029048726 0.186599
1385411029053611 0.187955
1385411029058541 0.215582
1385411029063474 0.188374
1385411029068394 0.192638
1385411029073278 0.188477
1385411029078216 0.214859
1385411029083103 0.186028
1385411029087996 0.187997
1385411029092883 0.188694
1385411029097816 0.214917
1385411029102702 0.188337
1385411029107604 0.185976
1385411029112491 0.188112
1385411029117418 0.215699
1385411029122305 0.188857
1385411029127206 0.186723
1385411029132093 0.188008
1385411029137023 0.213893
1385411029141910 0.187259
1385411029146809 0.187259
1385411029151696 0.188062
1385411029156625 0.215105
1385411029161512 0.187947
1385411029166412 0.188334
1385411029171298 0.189337
1385411029176198 0.188615
1385411029181113 0.220088
1385411029185998 0.188548
1385411029190898 0.187286
1385411029195786 0.188985
1385411029200717 0.214691
